t_spike_:[  154.7   312.2   469.2   584.5   826.4   931.4  1176.7  1285.   1480.9
  1675.8  2059.   2220.8  2512.3  2660.2  2936.9  3189.9  3398.2  3729.1
  3878.3  4004.5  4584.3  4778.8  5021.   5161.6  5343.1  5467.4  5623.7
  5728.3  6073.9  6524.9  6832.   7126.9  7431.7  7597.8  8104.5  8220.1
  8342.   8468.   8596.7  8729.8  8875.   9336.4  9511.4  9989.1 10236.3
 10352.6 10786.3 10949.4 11117.1 11258.1 11456.5 12236.7 12389.1 12688.8
 12915.2 13031.8 13232.8 13526.7 13861.2 14033.5 14381.3 14513.3 14711.2
 15138.6 15377.5 15506.7 15715.6 15851.2 16123.2 16307.4 16411.5 16594.
 16762.8 16899.4 17118.6 17292.  17407.9 17554.  18108.6 18557.9 18644.
 18973.4 19268.6 19445.8 19953.6 20237.5 20353.3 20637.4 20806.4 20885.2
 21039.8 21382.5 21510.3 21685.2 21913.5 22144.7 22356.  22627.7 22809.9
 23091.6 23222.3 23346.5 23491.1 23681.8 23898.6 24048.5 24195.8 24292.1
 24461.2 24645.6 24843.1 24952.4 25207.6 25466.7 25574.4 25758.  25982.9
 26155.4 26382.4 26533.1 26668.9 26794.9 27037.4 27352.8 27741.3 27936.5
 28170.7 28553.7 28714.1 28911.2 29136.3 29239.6 29677.1 29829.7 29926.1
 30195.4 30309.6 31112.  31322.5 31566.3 31767.  31940.  32051.5 32204.6
 32348.7 32625.7 33115.4 33333.5 33497.5 33690.2 33842.2 34364.7 34545.5
 34776.7 34940.6 35067.1 35292.1 35624.3 35837.7 36042.6 36410.4 36667.7
 37145.6 37231.9 37424.3 37539.5 37830.3 38205.5 38358.6 38674.4 38859.5
 38968.4 39078.7 39298.9 39569.5 39851.7 39963.2 40096.1 40230.6 40398.9
 40507.  40721.  41031.9 41325.5 41443.8 41677.6 41867.2 42001.5 42233.9
 42696.4 42878.4 43029.1 43362.5 43470.  43615.7 43723.5 43846.2 43994.
 44178.4 44319.9 44507.3 44639.5 44952.5 45134.1 45671.9 45850.5 46105.6
 46256.7 46455.7 46755.9 46928.9 47065.7 47312.5 47618.4 47752.6 48035.3
 48187.1 48351.  48546.4 48737.2 49206.9 49411.7 49553.8 49858.2 50008.5
 50292.5 50456.3 50620.6 50895.8 51058.3 51183.4 51375.8 51719.4 52195.7
 52499.5 52803.1 53323.4 53624.2 53735.  53920.6 54034.2 54404.3 54606.5
 54927.9 55033.8 55244.2 55414.6 55694.  55916.8 56087.6 56263.  56403.2
 56480.4 56636.7 56742.  56971.  57343.6 57532.4 57731.6 57871.  58007.4
 58256.6 58349.3 58500.7 58729.3 58816.9 58966.5 59138.7 59601.7 59803.1]
V_:[-50.59218337 -50.72693922 -48.73813569 ... -37.17000738 -37.78187247
 -37.09222056]
t_:[1.0000e+00 2.0000e+00 3.0000e+00 ... 5.9998e+04 5.9999e+04 6.0000e+04]
I_:[1235.95078635 2519.38958738 2488.54989978 ...  356.00670406  894.77486195
  238.55706604]
